15 0.328500 0.459500 0.009000 0.009000
15 0.340500 0.453125 0.006333 0.004250
15 0.343000 0.460750 0.008000 0.006500
15 0.370833 0.463375 0.010333 0.008750
15 0.375333 0.454250 0.016667 0.008500
15 0.330667 0.482625 0.006000 0.006250
15 0.335667 0.491125 0.012667 0.008750
15 0.359833 0.486250 0.007000 0.006500
15 0.342167 0.512000 0.010333 0.009000
15 0.342667 0.521250 0.010000 0.009000
15 0.365167 0.501375 0.019667 0.015750
15 0.382000 0.494875 0.007333 0.005750
15 0.366167 0.525625 0.015000 0.010750
15 0.405667 0.479250 0.010000 0.007000
15 0.385167 0.515500 0.009000 0.007000
15 0.398167 0.517375 0.009000 0.005750
15 0.380333 0.533000 0.013333 0.008000
15 0.397167 0.532625 0.009000 0.006250
15 0.415500 0.523250 0.009000 0.007000
15 0.420167 0.508875 0.008333 0.006750
15 0.415333 0.492000 0.011333 0.009500
15 0.468667 0.496500 0.015333 0.013500
15 0.438500 0.441000 0.011667 0.012000
15 0.427667 0.438500 0.008000 0.006000
15 0.467500 0.460000 0.009000 0.005000
15 0.488000 0.446375 0.013333 0.014750
15 0.546833 0.522500 0.011000 0.008500
15 0.567333 0.472500 0.012000 0.012000
15 0.615500 0.525375 0.012333 0.008750
15 0.603167 0.528000 0.005000 0.004000
15 0.635167 0.524500 0.011000 0.006500
15 0.664167 0.505375 0.007667 0.006250
