15 0.231333 0.624375 0.010667 0.010750
15 0.214667 0.641750 0.012000 0.011500
15 0.224000 0.638000 0.014000 0.012000
15 0.215333 0.689875 0.016667 0.016750
15 0.263500 0.657875 0.012333 0.011250
15 0.274667 0.658500 0.011333 0.009500
15 0.252833 0.638625 0.017667 0.015250
15 0.283833 0.688500 0.018333 0.018000
15 0.316500 0.690625 0.016333 0.013750
15 0.303000 0.651000 0.012667 0.015000
15 0.325000 0.617750 0.014667 0.012500
15 0.348667 0.625625 0.016667 0.015750
15 0.337000 0.688375 0.012000 0.007750
15 0.421333 0.680000 0.019333 0.011500
15 0.441833 0.675000 0.014333 0.017000
15 0.488167 0.672000 0.019667 0.019000
15 0.510667 0.672250 0.014667 0.014500
15 0.578667 0.620000 0.026667 0.024500
