15 0.282667 0.439125 0.016667 0.013750
15 0.289667 0.452625 0.010000 0.008750
15 0.279167 0.466000 0.010333 0.012500
15 0.288333 0.465375 0.007333 0.010250
15 0.290833 0.478500 0.012333 0.011000
15 0.299500 0.464875 0.005667 0.005250
15 0.305333 0.473125 0.010000 0.011250
15 0.309000 0.436250 0.012000 0.013500
15 0.301000 0.422375 0.014667 0.010750
15 0.332500 0.438875 0.014333 0.012750
15 0.327000 0.416000 0.013333 0.011500
15 0.319667 0.405500 0.010667 0.008500
15 0.328500 0.397625 0.011667 0.010250
15 0.342833 0.394000 0.015000 0.013500
15 0.362833 0.398000 0.015667 0.015500
15 0.353333 0.439625 0.010667 0.010750
15 0.365167 0.427875 0.009667 0.009250
15 0.382333 0.420125 0.016667 0.011750
15 0.334167 0.461875 0.011667 0.011250
15 0.352833 0.469875 0.010333 0.007750
15 0.345500 0.502500 0.009667 0.005500
15 0.350667 0.497375 0.008667 0.007750
15 0.379500 0.487875 0.009667 0.010750
15 0.401833 0.491500 0.012333 0.006500
15 0.411500 0.465875 0.017000 0.012750
15 0.393667 0.467000 0.007333 0.009000
15 0.445667 0.490125 0.012667 0.007750
15 0.466833 0.476375 0.013667 0.011750
15 0.440333 0.406875 0.016000 0.011250
15 0.472000 0.443500 0.012000 0.008500
15 0.530167 0.392750 0.011000 0.009000
15 0.561333 0.415875 0.016000 0.011250
15 0.610333 0.382250 0.016000 0.012000
15 0.628833 0.395125 0.014333 0.015250
15 0.666167 0.410625 0.010333 0.007250
15 0.334333 0.493500 0.014667 0.025000
