15 0.279167 0.447125 0.011667 0.009250
15 0.273833 0.470625 0.016333 0.011750
15 0.264833 0.500625 0.013000 0.009250
15 0.256500 0.509125 0.011000 0.008250
15 0.273500 0.514500 0.012333 0.012000
15 0.285000 0.524750 0.014000 0.011500
15 0.299833 0.483375 0.011000 0.010750
15 0.310500 0.483000 0.010333 0.012500
15 0.335000 0.517875 0.014000 0.010250
15 0.326667 0.489875 0.015333 0.021750
15 0.337000 0.471375 0.013333 0.010750
15 0.349333 0.497875 0.012000 0.009250
15 0.334667 0.430750 0.008000 0.005500
15 0.436833 0.484625 0.015000 0.010250
15 0.490000 0.481875 0.019333 0.010750
15 0.565333 0.516375 0.013333 0.007250
15 0.573000 0.525500 0.008667 0.008000
15 0.650667 0.536625 0.014667 0.005750
15 0.683500 0.501000 0.011000 0.010000
15 0.668833 0.466625 0.021000 0.017250
