15 0.281167 0.423750 0.014333 0.012000
15 0.280167 0.435625 0.016333 0.012250
15 0.283167 0.449625 0.012333 0.010250
15 0.295333 0.411000 0.014000 0.014000
15 0.302667 0.450750 0.012667 0.010500
15 0.316333 0.449500 0.013333 0.012000
15 0.329500 0.440750 0.016333 0.012500
15 0.351333 0.412500 0.012667 0.010000
15 0.298667 0.488750 0.011333 0.008500
15 0.312500 0.475000 0.017000 0.017000
15 0.352333 0.459875 0.014000 0.008750
15 0.350000 0.449375 0.014000 0.011750
15 0.367167 0.434500 0.013000 0.009500
15 0.355333 0.501125 0.009333 0.005750
15 0.457333 0.443875 0.012000 0.013250
15 0.510833 0.444250 0.013667 0.011000
15 0.579333 0.402625 0.014000 0.009750
15 0.698333 0.414625 0.011333 0.010250
15 0.693833 0.447000 0.018333 0.014000
15 0.707167 0.423250 0.004333 0.004000
15 0.712667 0.421500 0.006667 0.005000
