15 0.212333 0.417500 0.012000 0.011000
15 0.234000 0.403000 0.013333 0.009500
15 0.209333 0.447750 0.016667 0.013000
15 0.221500 0.452625 0.009000 0.008750
15 0.224333 0.432000 0.013333 0.011000
15 0.233167 0.424375 0.011667 0.013250
15 0.245333 0.431375 0.011333 0.010750
15 0.256500 0.435500 0.013667 0.013500
15 0.246667 0.414625 0.010000 0.008250
15 0.258500 0.420625 0.015667 0.011750
15 0.277667 0.410750 0.018000 0.019500
15 0.299333 0.405750 0.010667 0.007500
15 0.240500 0.456250 0.014333 0.008000
15 0.228000 0.470125 0.012667 0.010250
15 0.239833 0.470875 0.009000 0.008250
15 0.237833 0.482500 0.010333 0.007000
15 0.263000 0.470125 0.012000 0.012750
15 0.276667 0.464500 0.018000 0.018000
15 0.296833 0.455000 0.011667 0.008500
15 0.299167 0.429750 0.015667 0.012500
15 0.333500 0.491500 0.020333 0.017000
15 0.354333 0.454750 0.024000 0.012500
15 0.379167 0.476125 0.016333 0.014250
15 0.382333 0.489000 0.013333 0.008000
15 0.430167 0.424000 0.012333 0.011500
15 0.457667 0.468875 0.018667 0.014750
15 0.505667 0.422375 0.018000 0.014750
15 0.524167 0.402000 0.015000 0.011000
15 0.554833 0.422750 0.010333 0.007500
