15 0.350667 0.398250 0.012667 0.012500
15 0.327833 0.416750 0.012333 0.012000
15 0.325000 0.427625 0.008000 0.011750
15 0.343667 0.422625 0.011333 0.010250
15 0.325000 0.444000 0.010667 0.011000
15 0.334833 0.441625 0.010333 0.010250
15 0.337500 0.453375 0.011000 0.008250
15 0.342167 0.479625 0.011000 0.011250
15 0.352167 0.482125 0.006333 0.004750
15 0.356333 0.475625 0.010000 0.007250
15 0.349167 0.437500 0.008333 0.011500
15 0.362667 0.437500 0.010667 0.009000
15 0.376500 0.432625 0.013000 0.030250
15 0.368167 0.415000 0.009667 0.008000
15 0.366833 0.404625 0.010333 0.008750
15 0.381167 0.403250 0.014333 0.009500
15 0.392833 0.403750 0.008333 0.011000
15 0.393500 0.429250 0.010333 0.008000
15 0.401833 0.396000 0.009667 0.007000
15 0.404333 0.406625 0.008000 0.009250
15 0.422167 0.395875 0.009667 0.007250
15 0.382667 0.471625 0.015333 0.011750
15 0.396667 0.490875 0.020000 0.014250
15 0.420333 0.444875 0.014667 0.019750
15 0.479167 0.436750 0.015667 0.013000
15 0.456167 0.488125 0.019000 0.014250
15 0.484333 0.472500 0.012000 0.009500
15 0.505000 0.483250 0.012667 0.010000
15 0.511167 0.477375 0.006333 0.007250
15 0.566333 0.403625 0.012667 0.008750
15 0.596167 0.449250 0.018333 0.012000
15 0.647333 0.397375 0.018000 0.010750
15 0.663500 0.382875 0.016333 0.008750
15 0.699333 0.406625 0.012000 0.009250
