15 0.277000 0.637875 0.008667 0.010750
15 0.282833 0.644125 0.009000 0.009250
15 0.303833 0.637500 0.013667 0.016500
15 0.266500 0.663875 0.007000 0.009250
15 0.272000 0.672375 0.010000 0.008250
15 0.282333 0.670750 0.013333 0.012000
15 0.317500 0.674250 0.011000 0.011000
15 0.326000 0.664250 0.010000 0.009500
15 0.331333 0.655250 0.008667 0.010000
15 0.348667 0.641125 0.010667 0.011250
15 0.370667 0.637500 0.011333 0.009500
15 0.360833 0.681125 0.013000 0.014250
15 0.394000 0.650750 0.016000 0.014500
15 0.461333 0.697875 0.020000 0.008750
15 0.475333 0.668125 0.017333 0.014250
15 0.516833 0.668250 0.020333 0.012500
15 0.538667 0.683125 0.014667 0.009250
15 0.593333 0.623500 0.021333 0.013000
