15 0.292167 0.451000 0.012333 0.014500
15 0.292000 0.471375 0.008000 0.007250
15 0.293333 0.481000 0.014000 0.010500
15 0.303500 0.477375 0.011000 0.008750
15 0.308667 0.464250 0.012000 0.010500
15 0.304167 0.443875 0.009000 0.006750
15 0.314333 0.495000 0.012000 0.008500
15 0.323667 0.491000 0.011333 0.007000
15 0.321500 0.479375 0.007000 0.006250
15 0.330500 0.482250 0.011000 0.009500
15 0.348000 0.490000 0.009333 0.008500
15 0.343667 0.475125 0.012667 0.016750
15 0.327000 0.428625 0.011333 0.012250
15 0.329167 0.440750 0.010333 0.008500
15 0.331833 0.459125 0.013667 0.016750
15 0.359833 0.486250 0.011000 0.015000
15 0.361333 0.472875 0.011333 0.007750
15 0.375167 0.490625 0.011000 0.011750
15 0.369500 0.436625 0.009000 0.007750
15 0.377500 0.435875 0.009000 0.008750
15 0.388667 0.423250 0.016667 0.010000
15 0.417333 0.428250 0.014000 0.015000
15 0.431333 0.437250 0.013333 0.011500
15 0.413500 0.456375 0.011000 0.008250
15 0.437667 0.410875 0.010667 0.009250
15 0.488167 0.459250 0.013667 0.012000
15 0.506167 0.414125 0.012333 0.012250
15 0.552000 0.456750 0.018000 0.017500
15 0.567333 0.482000 0.012000 0.014000
15 0.593000 0.457000 0.010000 0.008000
