15 0.332333 0.567750 0.032667 0.024000
15 0.363000 0.531000 0.016000 0.011000
15 0.370500 0.540625 0.017667 0.016750
15 0.415000 0.517500 0.014667 0.013000
15 0.303833 0.512750 0.011667 0.009000
15 0.393000 0.557750 0.014000 0.013500
15 0.435000 0.593750 0.017333 0.017500
15 0.470167 0.585375 0.021000 0.021750
15 0.557167 0.501125 0.025667 0.017750
15 0.573000 0.527125 0.018000 0.016750
15 0.632667 0.525875 0.023333 0.018250
15 0.664000 0.518000 0.018000 0.015000
15 0.744833 0.578875 0.027000 0.022250
