15 0.223500 0.436125 0.017000 0.011250
15 0.224833 0.452625 0.017000 0.013750
15 0.274333 0.465375 0.018000 0.012750
15 0.200333 0.472875 0.010667 0.008250
15 0.199000 0.484750 0.009333 0.007000
15 0.207667 0.491250 0.013333 0.009500
15 0.212833 0.513375 0.012333 0.012250
15 0.225333 0.511625 0.013333 0.011250
15 0.242000 0.507875 0.016667 0.012250
15 0.256333 0.501500 0.012667 0.012000
15 0.271667 0.513375 0.014000 0.012250
15 0.280667 0.498250 0.013333 0.009500
15 0.285833 0.478500 0.011667 0.009500
15 0.296333 0.484250 0.012000 0.008500
15 0.390000 0.463625 0.014000 0.011750
15 0.444333 0.447125 0.019333 0.011750
15 0.521000 0.491250 0.012667 0.007500
15 0.529000 0.484375 0.012000 0.007750
15 0.542833 0.479375 0.008333 0.005250
15 0.607833 0.507500 0.015000 0.009000
15 0.617167 0.488500 0.015667 0.012000
15 0.636000 0.480250 0.011333 0.008500
