15 0.471667 0.652625 0.018000 0.015750
15 0.645167 0.589625 0.013667 0.017750
15 0.691000 0.605000 0.015333 0.013000
15 0.434833 0.578875 0.011000 0.017250
15 0.455167 0.598000 0.013000 0.012500
15 0.392500 0.566750 0.006333 0.008500
15 0.446833 0.551750 0.010333 0.009500
15 0.475000 0.565250 0.008667 0.007500
15 0.323000 0.562625 0.006667 0.007750
15 0.329500 0.563250 0.008333 0.009000
15 0.424000 0.637000 0.006000 0.007000
15 0.460167 0.626375 0.012333 0.010250
15 0.294000 0.616875 0.009333 0.016250
