15 0.327167 0.359875 0.007667 0.007250
15 0.334667 0.359500 0.007333 0.008000
15 0.292500 0.373125 0.010333 0.010250
15 0.304833 0.377250 0.008333 0.007500
15 0.286000 0.391500 0.006000 0.006000
15 0.293500 0.397125 0.007667 0.007250
15 0.295667 0.389125 0.010667 0.007750
15 0.313667 0.384000 0.010000 0.011500
15 0.329167 0.382875 0.009000 0.010250
15 0.334000 0.390875 0.009333 0.007250
15 0.353833 0.377375 0.011000 0.008250
15 0.388000 0.366250 0.013333 0.017500
15 0.407333 0.364875 0.010000 0.007250
15 0.427000 0.363625 0.013333 0.011250
15 0.287000 0.407625 0.010667 0.011750
15 0.302500 0.421250 0.010333 0.008000
15 0.299667 0.413000 0.010667 0.009000
15 0.326167 0.408000 0.011000 0.010500
15 0.335833 0.409375 0.008333 0.008750
15 0.319500 0.423625 0.010333 0.008250
15 0.330833 0.435500 0.021667 0.012000
15 0.348667 0.430000 0.010000 0.009000
15 0.348500 0.415625 0.009000 0.007750
15 0.365667 0.417625 0.014000 0.010250
15 0.364000 0.397125 0.010000 0.006750
15 0.415333 0.425625 0.013333 0.011750
15 0.435000 0.386125 0.010667 0.010750
15 0.482667 0.429750 0.013333 0.009500
15 0.502167 0.411500 0.013000 0.012500
15 0.544667 0.433000 0.016000 0.009000
15 0.559667 0.422875 0.013333 0.010750
15 0.585667 0.413875 0.010000 0.007750
