15 0.284000 0.363500 0.013333 0.012000
15 0.291333 0.391375 0.012667 0.012250
15 0.234000 0.410750 0.010667 0.013000
15 0.242667 0.419125 0.008000 0.007250
15 0.255333 0.422125 0.008667 0.006250
15 0.259000 0.413125 0.012000 0.009750
15 0.237500 0.428375 0.011000 0.011250
15 0.239667 0.444750 0.014000 0.013500
15 0.256500 0.457750 0.012333 0.011500
15 0.268000 0.460375 0.011333 0.016250
15 0.282833 0.467250 0.009667 0.008000
15 0.292167 0.455250 0.010333 0.008000
15 0.299333 0.447125 0.010000 0.007750
15 0.290000 0.423125 0.018000 0.031750
15 0.306500 0.406625 0.015667 0.022750
15 0.327667 0.427000 0.012000 0.013000
15 0.313000 0.459875 0.015333 0.012750
15 0.327833 0.442000 0.008333 0.007500
15 0.335500 0.462000 0.010333 0.007500
15 0.349333 0.446875 0.009333 0.011250
15 0.357833 0.428625 0.011000 0.008250
15 0.343833 0.385500 0.010333 0.010000
15 0.371167 0.400875 0.016333 0.009250
15 0.407167 0.448125 0.011667 0.008750
15 0.432000 0.423750 0.016000 0.014500
15 0.410333 0.370625 0.015333 0.012750
15 0.440333 0.378125 0.010667 0.007250
15 0.505667 0.397000 0.012667 0.012500
15 0.536333 0.368375 0.015333 0.009250
15 0.591333 0.390375 0.021333 0.020750
15 0.610333 0.431500 0.014000 0.014000
15 0.648333 0.414500 0.008667 0.008000
