15 0.288667 0.421750 0.010000 0.010500
15 0.300500 0.424250 0.009667 0.009500
15 0.291000 0.442625 0.012000 0.010250
15 0.283000 0.442875 0.005333 0.009250
15 0.282833 0.455000 0.009667 0.011500
15 0.296167 0.467625 0.011667 0.011250
15 0.322000 0.479625 0.026000 0.019250
15 0.342000 0.481875 0.008667 0.006750
15 0.321000 0.456875 0.011333 0.010250
15 0.330667 0.463125 0.007333 0.007250
15 0.342833 0.468125 0.008333 0.005750
15 0.356833 0.472375 0.010333 0.006250
15 0.309833 0.441500 0.010333 0.004000
15 0.310833 0.435875 0.007667 0.006750
15 0.325000 0.430500 0.009333 0.010500
15 0.324167 0.413125 0.005667 0.006750
15 0.330333 0.412625 0.007333 0.008750
15 0.329333 0.445250 0.008000 0.006500
15 0.350667 0.432875 0.012000 0.007750
15 0.358667 0.454000 0.008667 0.006000
15 0.361167 0.464125 0.010333 0.008750
15 0.405667 0.472375 0.012000 0.012250
15 0.383500 0.414875 0.011000 0.015750
15 0.373500 0.405875 0.009667 0.004750
15 0.402500 0.420750 0.008333 0.005000
15 0.421333 0.417125 0.014000 0.009750
15 0.427833 0.429625 0.007667 0.010250
15 0.471833 0.483250 0.012333 0.007500
15 0.491000 0.458000 0.014000 0.012500
15 0.531000 0.487750 0.014000 0.010500
15 0.546833 0.481125 0.011000 0.008250
15 0.571167 0.470250 0.007667 0.006000
