15 0.273333 0.409750 0.011333 0.010500
15 0.291500 0.408250 0.007000 0.007000
15 0.289667 0.396625 0.006000 0.004750
15 0.324667 0.409000 0.019333 0.013500
15 0.271667 0.441875 0.012667 0.018750
15 0.278833 0.430750 0.008333 0.008000
15 0.285333 0.451375 0.011333 0.008750
15 0.309833 0.447875 0.010333 0.007750
15 0.323667 0.433500 0.011333 0.011500
15 0.326500 0.448250 0.013000 0.012500
15 0.337167 0.455500 0.008333 0.006500
15 0.273500 0.470250 0.009667 0.011000
15 0.296667 0.460875 0.010667 0.010250
15 0.310833 0.462625 0.009667 0.006250
15 0.298667 0.483375 0.012000 0.010250
15 0.323667 0.481625 0.011333 0.009750
15 0.331500 0.470375 0.011000 0.010750
15 0.345833 0.484500 0.015667 0.011500
15 0.345167 0.475250 0.010333 0.007000
15 0.361167 0.473750 0.009667 0.007000
15 0.365167 0.489375 0.010333 0.006750
15 0.382333 0.481625 0.009333 0.006750
15 0.382667 0.473000 0.009333 0.006000
15 0.363000 0.438000 0.011333 0.008000
15 0.380000 0.427875 0.012667 0.009250
15 0.388000 0.385000 0.012000 0.009500
15 0.404500 0.380250 0.019000 0.013000
15 0.435167 0.412375 0.011000 0.007250
15 0.443667 0.425375 0.016000 0.013750
15 0.460000 0.393375 0.013333 0.010750
15 0.469333 0.372750 0.011333 0.009000
15 0.537500 0.464750 0.013000 0.010000
15 0.561833 0.397375 0.017667 0.015250
15 0.621667 0.466625 0.017333 0.014250
15 0.642500 0.476375 0.015667 0.008250
15 0.677167 0.446875 0.011000 0.008250
