15 0.427500 0.436875 0.007000 0.005750
15 0.431833 0.443750 0.009000 0.009000
15 0.444000 0.434375 0.010000 0.009750
15 0.444833 0.424500 0.010333 0.008000
15 0.467167 0.426375 0.010333 0.008750
15 0.441833 0.455000 0.012333 0.007500
15 0.426500 0.465750 0.007667 0.009500
15 0.434833 0.465875 0.006333 0.007250
15 0.438167 0.473250 0.009000 0.009500
15 0.450833 0.477625 0.007667 0.006750
15 0.462000 0.485625 0.012667 0.009750
15 0.476333 0.480500 0.012000 0.011500
15 0.476167 0.454500 0.033667 0.023000
15 0.461833 0.439125 0.012333 0.007750
15 0.486667 0.427500 0.010000 0.011000
15 0.496833 0.437500 0.013667 0.010000
15 0.512000 0.431125 0.016667 0.012250
15 0.515833 0.479625 0.010333 0.006750
15 0.533833 0.489750 0.012333 0.012500
15 0.543500 0.503375 0.014333 0.015750
15 0.569500 0.453125 0.010333 0.010750
15 0.570833 0.485000 0.013000 0.012000
15 0.590333 0.481000 0.012667 0.015500
15 0.597333 0.511625 0.008667 0.006250
15 0.655833 0.455875 0.012333 0.010250
15 0.680000 0.497375 0.016000 0.009750
15 0.735667 0.455750 0.020667 0.013500
15 0.752333 0.432500 0.014000 0.010500
15 0.783167 0.450000 0.009667 0.008500
