15 0.244000 0.454250 0.011333 0.008000
15 0.236500 0.475125 0.017667 0.010250
15 0.221833 0.510500 0.009667 0.009500
15 0.229667 0.502750 0.012667 0.009500
15 0.242333 0.490750 0.010000 0.010000
15 0.266500 0.488125 0.022333 0.011750
15 0.237333 0.516000 0.013333 0.009500
15 0.247167 0.525500 0.013000 0.011000
15 0.285500 0.494000 0.012333 0.019000
15 0.295167 0.439875 0.008333 0.005250
15 0.297333 0.478125 0.011333 0.010250
15 0.292833 0.520625 0.013000 0.008250
15 0.305333 0.501500 0.010000 0.008500
15 0.386667 0.490125 0.012667 0.010750
15 0.434500 0.489125 0.016333 0.010250
15 0.502833 0.522000 0.010333 0.007000
15 0.509000 0.530125 0.008000 0.007750
15 0.580500 0.541500 0.012333 0.005500
15 0.597333 0.478000 0.014667 0.014500
15 0.610000 0.508750 0.010667 0.007500
