15 0.305333 0.371500 0.012667 0.012000
15 0.310667 0.388750 0.010000 0.010000
15 0.305000 0.401875 0.008000 0.007250
15 0.297667 0.414750 0.010667 0.010500
15 0.313667 0.417625 0.013333 0.009750
15 0.315833 0.429625 0.011667 0.009250
15 0.337500 0.432000 0.013000 0.009000
15 0.343500 0.451750 0.011667 0.014000
15 0.356333 0.446250 0.014000 0.010000
15 0.374000 0.441000 0.010000 0.007500
15 0.346333 0.414250 0.014667 0.011500
15 0.359833 0.413750 0.009667 0.008000
15 0.375000 0.422875 0.009333 0.006250
15 0.395167 0.429250 0.013000 0.012000
15 0.320833 0.378875 0.008333 0.010250
15 0.333000 0.380125 0.010667 0.011250
15 0.353833 0.388375 0.015667 0.012750
15 0.352167 0.354000 0.007667 0.006000
15 0.359833 0.354125 0.007667 0.007750
15 0.384833 0.375500 0.013000 0.009000
15 0.397167 0.397625 0.008333 0.007250
15 0.455000 0.444625 0.014667 0.011750
15 0.424000 0.372875 0.015333 0.018250
15 0.451833 0.363125 0.009667 0.008250
15 0.474167 0.365375 0.011667 0.012250
15 0.481667 0.400250 0.010667 0.010500
15 0.538833 0.447250 0.011667 0.007500
15 0.562167 0.430250 0.013000 0.011000
15 0.616500 0.452250 0.015000 0.009500
15 0.639333 0.438750 0.013333 0.009000
15 0.668167 0.429875 0.007667 0.004750
