15 0.234000 0.569500 0.013333 0.011000
15 0.245167 0.564000 0.013667 0.009000
15 0.248833 0.576625 0.015000 0.012750
15 0.268167 0.609375 0.017667 0.015250
15 0.281500 0.596500 0.013667 0.013000
15 0.291667 0.610750 0.012000 0.011000
15 0.321333 0.625000 0.017333 0.014000
15 0.330667 0.636125 0.015333 0.010250
15 0.352500 0.615750 0.011000 0.006500
15 0.347167 0.569250 0.013667 0.013500
15 0.371333 0.566625 0.014000 0.014750
15 0.444333 0.605250 0.017333 0.014000
15 0.467000 0.627000 0.015333 0.010500
15 0.517000 0.622625 0.022000 0.018750
15 0.541167 0.605250 0.018333 0.019500
15 0.614500 0.593375 0.018333 0.019750
15 0.217167 0.619750 0.011667 0.010000
15 0.224333 0.627875 0.011333 0.008750
