15 0.227667 0.452375 0.016000 0.021750
15 0.241167 0.441750 0.013000 0.013000
15 0.263833 0.418250 0.014333 0.020500
15 0.234000 0.486875 0.013333 0.011750
15 0.253500 0.492750 0.015000 0.012000
15 0.268000 0.487500 0.011333 0.012000
15 0.280500 0.486000 0.013667 0.012500
15 0.304333 0.479500 0.012667 0.011500
15 0.300333 0.438375 0.019333 0.021750
15 0.315667 0.447125 0.012667 0.011750
15 0.413000 0.443875 0.014000 0.014750
15 0.469833 0.421000 0.013667 0.013500
15 0.540667 0.435625 0.011333 0.010250
15 0.548333 0.409375 0.010000 0.007750
15 0.634000 0.431500 0.014667 0.011500
15 0.664667 0.449375 0.009333 0.011750
15 0.651167 0.503250 0.015000 0.013000
15 0.310500 0.508000 0.009000 0.007000
