15 0.275000 0.456125 0.010667 0.012250
15 0.282500 0.464000 0.009667 0.007000
15 0.279500 0.474000 0.012333 0.008500
15 0.281333 0.485250 0.012667 0.013000
15 0.295167 0.496000 0.011667 0.011000
15 0.305167 0.494250 0.013000 0.016000
15 0.318000 0.504125 0.009333 0.009750
15 0.326167 0.496000 0.009667 0.006500
15 0.330667 0.489000 0.007333 0.007000
15 0.342500 0.494500 0.012333 0.017500
15 0.361833 0.498875 0.010333 0.008250
15 0.321500 0.464750 0.020333 0.018500
15 0.294167 0.469125 0.007000 0.008750
15 0.296167 0.455875 0.011000 0.010250
15 0.288500 0.456250 0.005667 0.005000
15 0.354167 0.476250 0.011000 0.010500
15 0.371500 0.480625 0.009667 0.008250
15 0.378833 0.473250 0.011000 0.009000
15 0.352833 0.461875 0.011000 0.012250
15 0.334833 0.446875 0.013000 0.018750
15 0.321667 0.435625 0.012000 0.011250
15 0.315167 0.416625 0.011000 0.011750
15 0.366500 0.433375 0.011000 0.009750
15 0.389667 0.449500 0.017333 0.013000
15 0.420667 0.487125 0.014000 0.009750
15 0.439833 0.466000 0.015000 0.010500
15 0.420667 0.419500 0.014000 0.013500
15 0.445500 0.429125 0.011667 0.010250
15 0.501000 0.435750 0.011333 0.012000
15 0.524333 0.416500 0.016000 0.008500
15 0.572333 0.426500 0.018667 0.019500
15 0.591000 0.461250 0.014667 0.015500
15 0.621000 0.447750 0.010000 0.009000
