15 0.192000 0.448250 0.016667 0.011500
15 0.148333 0.496125 0.014000 0.009750
15 0.154667 0.511125 0.018000 0.014250
15 0.158000 0.538125 0.015333 0.014250
15 0.168167 0.529125 0.015667 0.012750
15 0.173333 0.547625 0.012667 0.012750
15 0.197833 0.555125 0.014333 0.014750
15 0.211333 0.545500 0.014000 0.014500
15 0.226500 0.557750 0.014333 0.017500
15 0.189000 0.496875 0.008667 0.011750
15 0.236167 0.488000 0.017000 0.014000
15 0.231333 0.515750 0.014000 0.012000
15 0.248167 0.520125 0.012333 0.011250
15 0.255500 0.509625 0.011667 0.010250
15 0.255333 0.490625 0.010000 0.007250
15 0.635167 0.560250 0.018333 0.014000
15 0.615000 0.539750 0.019333 0.012500
15 0.509500 0.521125 0.019000 0.012750
15 0.428000 0.468750 0.022000 0.015500
15 0.363667 0.491750 0.013333 0.014500
