15 0.248667 0.655875 0.020667 0.023750
15 0.276167 0.670500 0.015000 0.011500
15 0.304833 0.660125 0.016333 0.015750
15 0.315167 0.643750 0.017000 0.012500
15 0.275000 0.632500 0.014000 0.013500
15 0.267167 0.610375 0.017667 0.014750
15 0.224667 0.579375 0.012000 0.010250
15 0.237500 0.574750 0.013667 0.010000
15 0.337667 0.618375 0.016000 0.011750
15 0.346167 0.604125 0.011667 0.007250
15 0.366667 0.598625 0.016667 0.013750
15 0.444833 0.594875 0.017667 0.017250
15 0.466500 0.637750 0.019000 0.012500
15 0.521833 0.632375 0.025667 0.017250
15 0.546500 0.604125 0.020333 0.015250
15 0.622167 0.645500 0.023000 0.018500
