15 0.293500 0.641750 0.023000 0.025000
15 0.315833 0.640625 0.013667 0.010750
15 0.349167 0.645250 0.013667 0.013000
15 0.320333 0.588375 0.017333 0.017250
15 0.324333 0.612000 0.014000 0.013000
15 0.362333 0.613000 0.014667 0.012000
15 0.391833 0.624125 0.015667 0.012750
15 0.425667 0.602125 0.020667 0.017250
15 0.401667 0.572250 0.010000 0.009000
15 0.507167 0.572000 0.017000 0.013000
15 0.523167 0.621375 0.015000 0.013250
15 0.585333 0.620000 0.025333 0.016000
15 0.616833 0.592375 0.019667 0.014250
15 0.695500 0.661625 0.023000 0.012750
15 0.284500 0.558000 0.011000 0.010000
15 0.298833 0.555250 0.013000 0.013000
