15 0.298333 0.448625 0.011333 0.010250
15 0.310833 0.440750 0.008333 0.005500
15 0.311667 0.448125 0.008667 0.006750
15 0.294500 0.471875 0.007667 0.010750
15 0.303667 0.476500 0.010667 0.008500
15 0.300500 0.464750 0.005667 0.005500
15 0.309333 0.500250 0.011333 0.008500
15 0.310000 0.488375 0.012000 0.008250
15 0.321167 0.484125 0.010333 0.005750
15 0.321500 0.474000 0.008333 0.008000
15 0.340667 0.481000 0.007333 0.007000
15 0.332000 0.477375 0.010000 0.014250
15 0.335500 0.449375 0.013667 0.010750
15 0.329667 0.499500 0.015333 0.011500
15 0.342000 0.507250 0.012667 0.008000
15 0.356000 0.508625 0.010667 0.006750
15 0.342833 0.496250 0.009667 0.008000
15 0.354667 0.497250 0.007333 0.007500
15 0.369333 0.502875 0.010000 0.006750
15 0.370167 0.494250 0.013000 0.006000
15 0.359333 0.469500 0.010000 0.009000
15 0.371000 0.468750 0.010667 0.010000
15 0.380667 0.433750 0.008667 0.008000
15 0.391667 0.432875 0.013333 0.013250
15 0.411333 0.454000 0.009333 0.007500
15 0.415833 0.471500 0.011667 0.013500
15 0.429833 0.443375 0.011667 0.009250
15 0.436667 0.432250 0.008000 0.008000
15 0.500167 0.454750 0.013000 0.013500
15 0.480000 0.500000 0.009333 0.008000
15 0.538667 0.503500 0.012667 0.010000
15 0.553333 0.507250 0.011333 0.007500
15 0.577833 0.490125 0.009667 0.009750
15 0.625000 0.470500 0.008667 0.013500
