15 0.322167 0.477125 0.009667 0.013250
15 0.316833 0.494125 0.010333 0.011250
15 0.324000 0.504000 0.010000 0.011500
15 0.338000 0.504375 0.011333 0.013250
15 0.336000 0.476375 0.010667 0.010250
15 0.344000 0.464500 0.014000 0.015000
15 0.360500 0.462625 0.013000 0.012750
15 0.374000 0.457250 0.016667 0.009000
15 0.393000 0.453500 0.012000 0.008500
15 0.382667 0.472750 0.011333 0.011500
15 0.393500 0.469875 0.011000 0.010750
15 0.410333 0.460750 0.011333 0.013500
15 0.352000 0.480125 0.011333 0.009250
15 0.363667 0.489625 0.014667 0.013750
15 0.361833 0.503375 0.011667 0.009750
15 0.359833 0.513500 0.010333 0.009500
15 0.364000 0.522625 0.014000 0.009250
15 0.325667 0.531625 0.010667 0.011750
15 0.336667 0.527125 0.014667 0.009750
15 0.376833 0.550000 0.013667 0.009500
15 0.379667 0.500375 0.009333 0.008750
15 0.404167 0.490125 0.011667 0.009750
15 0.401167 0.521625 0.010333 0.010250
15 0.428833 0.536875 0.014333 0.014750
15 0.458167 0.540875 0.013000 0.011750
15 0.478000 0.540875 0.015333 0.011750
15 0.483000 0.525250 0.012000 0.008000
15 0.457500 0.484875 0.017000 0.015750
15 0.539500 0.465750 0.011667 0.009000
15 0.564500 0.503375 0.016333 0.010750
15 0.659333 0.480000 0.010000 0.008500
15 0.613000 0.463000 0.016667 0.010000
15 0.629167 0.456000 0.013667 0.008500
