15 0.271000 0.549625 0.012667 0.011250
15 0.311167 0.612750 0.024333 0.023000
15 0.304333 0.552375 0.016000 0.017750
15 0.318333 0.551375 0.014667 0.019750
15 0.347667 0.562500 0.014667 0.014500
15 0.337167 0.591125 0.014333 0.011750
15 0.348667 0.580250 0.012667 0.012000
15 0.392667 0.567000 0.012667 0.012500
15 0.371167 0.608625 0.014333 0.013750
15 0.416833 0.619625 0.015000 0.015250
15 0.453667 0.600625 0.020667 0.022750
15 0.438500 0.532125 0.011000 0.007250
15 0.548000 0.535500 0.017333 0.012500
15 0.561667 0.581875 0.020667 0.014750
15 0.626667 0.581250 0.022000 0.014000
15 0.661500 0.560250 0.019000 0.012500
15 0.741833 0.641625 0.023000 0.017750
