15 0.421958 0.414311 0.019180 0.017113
15 0.419974 0.375744 0.011243 0.016369
15 0.453538 0.375620 0.014881 0.014137
15 0.454861 0.390873 0.015542 0.012401
15 0.480159 0.412202 0.013228 0.009921
15 0.501653 0.374628 0.013889 0.010665
15 0.512897 0.431176 0.014550 0.012649
15 0.544808 0.416543 0.015542 0.016617
15 0.539683 0.347346 0.007275 0.004712
15 0.638062 0.355283 0.019511 0.011161
15 0.653274 0.393973 0.016865 0.013145
15 0.709821 0.395585 0.020172 0.010913
15 0.739087 0.380580 0.017196 0.009673
15 0.802083 0.451885 0.021495 0.015377
