15 0.324405 0.441344 0.015873 0.018105
15 0.337963 0.430680 0.011905 0.011657
15 0.322751 0.420263 0.011905 0.016121
15 0.355159 0.419519 0.013228 0.014633
15 0.328042 0.472098 0.010582 0.008681
15 0.345403 0.481399 0.015542 0.016865
15 0.361111 0.474082 0.011905 0.010169
15 0.373512 0.471602 0.012235 0.012153
15 0.392857 0.470238 0.011905 0.010417
15 0.392030 0.425471 0.013558 0.008185
15 0.388558 0.437004 0.017857 0.014385
15 0.406250 0.439732 0.010251 0.010417
15 0.394841 0.499628 0.010582 0.007192
15 0.492725 0.439856 0.012566 0.012153
15 0.545635 0.421999 0.015212 0.014137
15 0.611607 0.430928 0.008929 0.007688
15 0.619709 0.406622 0.009259 0.005704
15 0.697255 0.425967 0.011574 0.008185
15 0.711971 0.494916 0.014550 0.010665
15 0.726025 0.446057 0.010251 0.009673
