15 0.272983 0.444816 0.016865 0.019593
15 0.287368 0.433408 0.012566 0.012649
15 0.270999 0.421379 0.012235 0.017361
15 0.306548 0.420387 0.013889 0.018849
15 0.277447 0.478051 0.012566 0.010665
15 0.292493 0.491195 0.009590 0.011657
15 0.299107 0.483259 0.010913 0.009673
15 0.313161 0.480035 0.011243 0.011657
15 0.326224 0.477431 0.012897 0.012897
15 0.347222 0.426215 0.011243 0.008681
15 0.342593 0.438864 0.021164 0.016121
15 0.363591 0.442584 0.010913 0.011161
15 0.348876 0.475942 0.011243 0.011409
15 0.351025 0.508433 0.008929 0.008433
15 0.459491 0.441964 0.013558 0.012401
15 0.516038 0.421751 0.016865 0.016617
15 0.590278 0.431300 0.012566 0.010913
15 0.598380 0.404390 0.010251 0.007688
15 0.683697 0.425099 0.015542 0.010913
15 0.715112 0.446553 0.012235 0.010665
15 0.701224 0.500620 0.020172 0.013641
