15 0.323743 0.322173 0.011905 0.010913
15 0.375661 0.366815 0.017196 0.014385
15 0.350860 0.403150 0.024471 0.023562
15 0.387731 0.390749 0.012235 0.009177
15 0.395503 0.440848 0.013889 0.007688
15 0.421296 0.418403 0.012566 0.011905
15 0.442130 0.415799 0.013889 0.009673
15 0.450562 0.349454 0.014220 0.012897
15 0.486772 0.335317 0.019180 0.013393
15 0.479828 0.377480 0.011243 0.007937
15 0.614087 0.402654 0.016534 0.009177
15 0.597222 0.361979 0.019841 0.016121
15 0.677414 0.395585 0.022817 0.016369
15 0.713624 0.366195 0.019841 0.016121
15 0.768684 0.384177 0.020833 0.021825
