15 0.412533 0.403894 0.014881 0.013145
15 0.410384 0.423239 0.013889 0.011657
15 0.408896 0.436384 0.018188 0.015129
15 0.399967 0.455729 0.019511 0.015625
15 0.397156 0.484623 0.013228 0.012401
15 0.417989 0.492808 0.018519 0.013393
15 0.425926 0.457093 0.017857 0.015377
15 0.437169 0.396825 0.013889 0.014881
15 0.451720 0.405382 0.015212 0.016617
15 0.471065 0.400670 0.014881 0.017113
15 0.490410 0.426339 0.017857 0.015873
15 0.483300 0.471850 0.026124 0.019593
15 0.505952 0.459573 0.018519 0.014881
15 0.618221 0.471106 0.020833 0.018105
15 0.686839 0.500000 0.023148 0.014385
15 0.777282 0.477183 0.019511 0.019841
15 0.885086 0.486979 0.019511 0.019593
15 0.936012 0.465030 0.014881 0.015873
15 0.926918 0.392361 0.020503 0.015377
