15 0.446759 0.318204 0.015873 0.010417
15 0.493056 0.358259 0.018519 0.013641
15 0.419312 0.378472 0.014550 0.013393
15 0.439153 0.375248 0.010582 0.009921
15 0.434689 0.391369 0.014220 0.010913
15 0.422123 0.401042 0.013558 0.011409
15 0.428241 0.413938 0.011243 0.014385
15 0.450562 0.421007 0.012235 0.010665
15 0.463955 0.413442 0.013228 0.013393
15 0.478175 0.422867 0.012566 0.011905
15 0.498677 0.392609 0.012566 0.011409
15 0.495040 0.377232 0.014550 0.014881
15 0.512235 0.377852 0.012566 0.010665
15 0.611607 0.362723 0.013558 0.013641
15 0.671792 0.339782 0.018188 0.013393
15 0.752811 0.387773 0.012897 0.009177
15 0.765377 0.366443 0.014220 0.009673
15 0.855985 0.434152 0.017526 0.012649
15 0.854167 0.402778 0.013889 0.011409
15 0.882440 0.392857 0.012897 0.010913
