15 0.483466 0.373884 0.023148 0.019097
15 0.514054 0.385789 0.010913 0.009673
15 0.506614 0.408730 0.013228 0.014385
15 0.469246 0.447545 0.010582 0.008185
15 0.567956 0.409598 0.012897 0.008681
15 0.585152 0.405010 0.006944 0.010417
15 0.597884 0.423363 0.017196 0.011409
15 0.539683 0.362227 0.011905 0.009673
15 0.557540 0.358507 0.013228 0.012649
15 0.517526 0.339286 0.009921 0.003968
15 0.676422 0.416047 0.015542 0.020089
15 0.698743 0.368056 0.017857 0.013889
15 0.751323 0.371652 0.020503 0.021577
15 0.775463 0.402034 0.015873 0.015873
15 0.853671 0.381324 0.020833 0.016121
