15 0.364418 0.266245 0.017857 0.015129
15 0.343915 0.296627 0.026455 0.045139
15 0.337302 0.328621 0.013889 0.011905
15 0.375165 0.314980 0.016204 0.013889
15 0.392692 0.315972 0.014881 0.016369
15 0.410218 0.304563 0.017526 0.014881
15 0.364087 0.365575 0.011905 0.011409
15 0.379134 0.356647 0.017526 0.019345
15 0.434193 0.383185 0.007937 0.009921
15 0.432374 0.326761 0.023479 0.024554
15 0.453538 0.301215 0.014881 0.014137
15 0.433862 0.272073 0.015873 0.017361
15 0.566468 0.319072 0.016534 0.017609
15 0.630291 0.324033 0.021164 0.018105
15 0.725860 0.267609 0.017857 0.015377
15 0.875827 0.287326 0.015542 0.012649
15 0.872189 0.323909 0.023479 0.017857
