15 0.577381 0.187500 0.032407 0.020337
15 0.519180 0.250372 0.025794 0.015625
15 0.503968 0.276538 0.024471 0.018353
15 0.496528 0.326265 0.020172 0.014137
15 0.497851 0.340526 0.026786 0.013889
15 0.590939 0.423735 0.019180 0.014137
15 0.583499 0.451513 0.017526 0.010665
15 0.463955 0.417783 0.020503 0.011161
15 0.464947 0.452257 0.013228 0.011657
15 0.507937 0.475818 0.016534 0.011161
15 0.464947 0.491691 0.012566 0.009673
15 0.519676 0.494544 0.033399 0.014881
15 0.522321 0.524678 0.020172 0.018105
15 0.594411 0.524802 0.024140 0.008433
