15 0.306382 0.462054 0.034722 0.025298
15 0.340774 0.461930 0.023479 0.013641
15 0.339451 0.397321 0.025463 0.019841
15 0.346561 0.426463 0.019841 0.013145
15 0.399140 0.427827 0.025132 0.016865
15 0.379960 0.467634 0.023810 0.016121
15 0.428571 0.445933 0.019180 0.017361
15 0.467593 0.417783 0.024471 0.018601
15 0.581680 0.377480 0.035714 0.022321
15 0.602348 0.438988 0.028108 0.021825
15 0.679233 0.436880 0.035053 0.022569
15 0.717593 0.402530 0.025132 0.017361
15 0.801091 0.488715 0.026124 0.018105
15 0.302745 0.360863 0.025463 0.017361
